1.806958580017089844e+01 1.722361755371093750e+01 1.640682029724121094e+01 1.561995887756347656e+01 1.486413097381591797e+01 1.413907051086425781e+01 1.344177722930908203e+01 1.277440738677978516e+01 1.213731670379638672e+01 1.153176403045654297e+01 1.095944023132324219e+01 1.041879081726074219e+01 9.908079147338867188e+00 9.426858901977539062e+00 8.977544784545898438e+00 8.558521270751953125e+00 8.173064231872558594e+00 7.823081016540527344e+00 7.508752346038818359e+00 7.234243392944335938e+00
1.538716602325439453e+01 1.459902572631835938e+01 1.383959102630615234e+01 1.311054706573486328e+01 1.241079521179199219e+01 1.174225711822509766e+01 1.110428905487060547e+01 1.049160861968994141e+01 9.910477638244628906e+00 9.360424041748046875e+00 8.843011856079101562e+00 8.356351852416992188e+00 7.899228572845458984e+00 7.472244739532470703e+00 7.077106952667236328e+00 6.714712619781494141e+00 6.386181354522705078e+00 6.088538646697998047e+00 5.829113006591796875e+00 5.608875274658203125e+00
1.290496158599853516e+01 1.217617511749267578e+01 1.147414302825927734e+01 1.080203819274902344e+01 1.015978431701660156e+01 9.548938751220703125e+00 8.968908309936523438e+00 8.413532257080078125e+00 7.886568069458007812e+00 7.390310764312744141e+00 6.925003528594970703e+00 6.492280483245849609e+00 6.090404033660888672e+00 5.722846031188964844e+00 5.384366989135742188e+00 5.077727794647216797e+00 4.802018642425537109e+00 4.559197902679443359e+00 4.352499961853027344e+00 4.183445453643798828e+00
1.062902736663818359e+01 9.955751419067382812e+00 9.310118675231933594e+00 8.695575714111328125e+00 8.112865447998046875e+00 7.558956146240234375e+00 7.033053398132324219e+00 6.535113334655761719e+00 6.063224792480468750e+00 5.621180057525634766e+00 5.210883617401123047e+00 4.831468105316162109e+00 4.486619472503662109e+00 4.177413463592529297e+00 3.898768424987792969e+00 3.646062374114990234e+00 3.424212217330932617e+00 3.235353231430053711e+00 3.080135822296142578e+00 2.957885026931762695e+00
8.569190979003906250e+00 7.945753097534179688e+00 7.353828430175781250e+00 6.794034481048583984e+00 6.268924713134765625e+00 5.773190498352050781e+00 5.304733753204345703e+00 4.860805511474609375e+00 4.445476531982421875e+00 4.059329986572265625e+00 3.706643104553222656e+00 3.385210275650024414e+00 3.098553180694580078e+00 2.844646215438842773e+00 2.620025873184204102e+00 2.421172618865966797e+00 2.249477863311767578e+00 2.112463235855102539e+00 2.009508609771728516e+00 1.937555432319641113e+00
6.731970787048339844e+00 6.159062862396240234e+00 5.618374824523925781e+00 5.110057830810546875e+00 4.636355400085449219e+00 4.196777820587158203e+00 3.785663604736328125e+00 3.401353836059570312e+00 3.044976949691772461e+00 2.718070268630981445e+00 2.422598123550415039e+00 2.159983873367309570e+00 1.929155230522155762e+00 1.728264689445495605e+00 1.554682493209838867e+00 1.408181786537170410e+00 1.288442611694335938e+00 1.199355483055114746e+00 1.144903302192687988e+00 1.130600094795227051e+00
5.125488758087158203e+00 4.599778175354003906e+00 4.108364582061767578e+00 3.653472185134887695e+00 3.230232238769531250e+00 2.841259717941284180e+00 2.484602928161621094e+00 2.159467220306396484e+00 1.864747047424316406e+00 1.600306749343872070e+00 1.365287303924560547e+00 1.161294341087341309e+00 9.867810606956481934e-01 8.378974795341491699e-01 7.198654413223266602e-01 6.281977295875549316e-01 5.615218281745910645e-01 5.226507186889648438e-01 5.176798105239868164e-01 5.483431816101074219e-01
3.753749370574951172e+00 3.275742769241333008e+00 2.832936763763427734e+00 2.425357818603515625e+00 2.051847696304321289e+00 1.713539719581604004e+00 1.413262128829956055e+00 1.148061990737915039e+00 9.154791831970214844e-01 7.207237482070922852e-01 5.632297992706298828e-01 4.382351040840148926e-01 3.459155261516571045e-01 2.844201922416687012e-01 2.463014423847198486e-01 2.241024672985076904e-01 2.141242325305938721e-01 2.126580178737640381e-01 2.186874598264694214e-01 2.438775599002838135e-01
2.653869628906250000e+00 2.219333410263061523e+00 1.820256114006042480e+00 1.459301233291625977e+00 1.137607455253601074e+00 8.609642386436462402e-01 6.341543197631835938e-01 4.542062282562255859e-01 3.181327581405639648e-01 2.226725071668624878e-01 1.627818495035171509e-01 1.322753280401229858e-01 1.195291057229042053e-01 1.198005303740501404e-01 1.325476616621017456e-01 1.521394252777099609e-01 1.750894635915756226e-01 2.020163983106613159e-01 2.254944443702697754e-01 2.317644208669662476e-01
1.871682286262512207e+00 1.487819910049438477e+00 1.144647717475891113e+00 8.436108827590942383e-01 5.948857665061950684e-01 4.014411270618438721e-01 2.549254894256591797e-01 1.574758589267730713e-01 1.025233045220375061e-01 7.934396713972091675e-02 7.626143842935562134e-02 8.490681648254394531e-02 1.048553511500358582e-01 1.325285583734512329e-01 1.669635325670242310e-01 2.118147015571594238e-01 2.639403343200683594e-01 3.203407824039459229e-01 3.571560680866241455e-01 3.232657313346862793e-01
1.418126821517944336e+00 1.085108280181884766e+00 7.973092198371887207e-01 5.576135516166687012e-01 3.702157139778137207e-01 2.318933755159378052e-01 1.386052817106246948e-01 8.669035881757736206e-02 6.656017899513244629e-02 6.633089482784271240e-02 8.023329079151153564e-02 1.066073551774024963e-01 1.459963172674179077e-01 2.006003707647323608e-01 2.735085785388946533e-01 3.561315536499023438e-01 4.029935300350189209e-01 3.826446533203125000e-01 3.215111792087554932e-01 2.652169764041900635e-01
1.209026932716369629e+00 9.203230738639831543e-01 6.740725040435791016e-01 4.735843837261199951e-01 3.175770938396453857e-01 2.075313031673431396e-01 1.378165185451507568e-01 1.012145206332206726e-01 8.996342122554779053e-02 9.676696360111236572e-02 1.192170605063438416e-01 1.568170189857482910e-01 2.073473036289215088e-01 2.641674578189849854e-01 3.139023780822753906e-01 3.276723027229309082e-01 2.872675657272338867e-01 2.382397800683975220e-01 2.829586863517761230e-01 4.746720492839813232e-01
1.183347702026367188e+00 9.243198633193969727e-01 7.064453363418579102e-01 5.275539159774780273e-01 3.841663002967834473e-01 2.809509038925170898e-01 2.111417949199676514e-01 1.702573150396347046e-01 1.521514505147933960e-01 1.499325633049011230e-01 1.607864499092102051e-01 1.799575537443161011e-01 2.008374631404876709e-01 2.159017622470855713e-01 2.230654060840606689e-01 2.401196509599685669e-01 3.135060966014862061e-01 4.816419184207916260e-01 7.346987128257751465e-01 1.056065082550048828e+00
1.305761694908142090e+00 1.068498969078063965e+00 8.656957149505615234e-01 6.989232301712036133e-01 5.648688077926635742e-01 4.607118368148803711e-01 3.849530816078186035e-01 3.315036594867706299e-01 2.947124242782592773e-01 2.746544182300567627e-01 2.720668911933898926e-01 2.867483496665954590e-01 3.193100690841674805e-01 3.805162906646728516e-01 4.855616390705108643e-01 6.458368897438049316e-01 8.641663789749145508e-01 1.143766164779663086e+00 1.481042623519897461e+00 1.869141817092895508e+00
1.574268937110900879e+00 1.356652140617370605e+00 1.169016361236572266e+00 1.012332081794738770e+00 8.853805661201477051e-01 7.822936177253723145e-01 7.019018530845642090e-01 6.495018601417541504e-01 6.235612034797668457e-01 6.230170130729675293e-01 6.518199443817138672e-01 7.152408361434936523e-01 8.154724836349487305e-01 9.591910839080810547e-01 1.150009989738464355e+00 1.390817523002624512e+00 1.688443899154663086e+00 2.039364337921142578e+00 2.437741994857788086e+00 2.881788253784179688e+00
1.974023222923278809e+00 1.774932026863098145e+00 1.600489735603332520e+00 1.454725503921508789e+00 1.337710738182067871e+00 1.249188303947448730e+00 1.189814090728759766e+00 1.161922812461853027e+00 1.169757485389709473e+00 1.214397430419921875e+00 1.296059966087341309e+00 1.419499278068542480e+00 1.584331154823303223e+00 1.795885443687438965e+00 2.055024623870849609e+00 2.365790843963623047e+00 2.731262207031250000e+00 3.144706010818481445e+00 3.600670814514160156e+00 4.098705768585205078e+00
2.497204542160034180e+00 2.314508676528930664e+00 2.159884691238403320e+00 2.034549951553344727e+00 1.938903212547302246e+00 1.881653070449829102e+00 1.859152555465698242e+00 1.872442007064819336e+00 1.926437020301818848e+00 2.021716594696044922e+00 2.160436630249023438e+00 2.343550205230712891e+00 2.573223829269409180e+00 2.848572015762329102e+00 3.175925254821777344e+00 3.553556919097900391e+00 3.980876922607421875e+00 4.455463886260986328e+00 4.969237804412841797e+00 5.521783351898193359e+00
3.156447649002075195e+00 2.993958473205566406e+00 2.862128734588623047e+00 2.768261671066284180e+00 2.714386224746704102e+00 2.698256254196166992e+00 2.720860481262207031e+00 2.783345699310302734e+00 2.889891386032104492e+00 3.037588357925415039e+00 3.236346960067749023e+00 3.480775117874145508e+00 3.772794961929321289e+00 4.117568969726562500e+00 4.511116027832031250e+00 4.950814723968505859e+00 5.438089370727539062e+00 5.969420909881591797e+00 6.540573120117187500e+00 7.147863864898681641e+00
3.952971458435058594e+00 3.824877738952636719e+00 3.735668659210205078e+00 3.688414812088012695e+00 3.678464889526367188e+00 3.707578182220458984e+00 3.775540828704833984e+00 3.892559528350830078e+00 4.054121494293212891e+00 4.267810821533203125e+00 4.526457309722900391e+00 4.832149982452392578e+00 5.191437721252441406e+00 5.598244667053222656e+00 6.052822589874267578e+00 6.555113315582275391e+00 7.102183818817138672e+00 7.690060615539550781e+00 8.316000938415527344e+00 8.976656913757324219e+00
4.923019886016845703e+00 4.840415954589843750e+00 4.797830104827880859e+00 4.795151233673095703e+00 4.830790519714355469e+00 4.908457756042480469e+00 5.034688472747802734e+00 5.209691047668457031e+00 5.435881614685058594e+00 5.708438396453857422e+00 6.027738571166992188e+00 6.397655963897705078e+00 6.818479061126708984e+00 7.285709381103515625e+00 7.801746845245361328e+00 8.364174842834472656e+00 8.970658302307128906e+00 9.616777420043945312e+00 1.029409599304199219e+01 1.100736999511718750e+01
