1.784220123291015625e+01 1.712422370910644531e+01 1.642887687683105469e+01 1.575594139099121094e+01 1.510265159606933594e+01 1.446609401702880859e+01 1.384874343872070312e+01 1.325340652465820312e+01 1.268039894104003906e+01 1.212951183319091797e+01 1.160289192199707031e+01 1.110128211975097656e+01 1.062577629089355469e+01 1.017576885223388672e+01 9.753005027770996094e+00 9.358013153076171875e+00 8.991415023803710938e+00 8.653364181518554688e+00 8.344915390014648438e+00 8.068863868713378906e+00
1.502639770507812500e+01 1.434665775299072266e+01 1.370233821868896484e+01 1.308414363861083984e+01 1.248826503753662109e+01 1.191547298431396484e+01 1.136201000213623047e+01 1.082721614837646484e+01 1.031177616119384766e+01 9.816993713378906250e+00 9.345170021057128906e+00 8.896872520446777344e+00 8.473576545715332031e+00 8.077455520629882812e+00 7.707417964935302734e+00 7.364779472351074219e+00 7.050700664520263672e+00 6.766739845275878906e+00 6.512166976928710938e+00 6.287558078765869141e+00
1.248484039306640625e+01 1.184658527374267578e+01 1.123311042785644531e+01 1.065364837646484375e+01 1.011164283752441406e+01 9.594587326049804688e+00 9.102078437805175781e+00 8.628394126892089844e+00 8.173348426818847656e+00 7.736690998077392578e+00 7.319077968597412109e+00 6.923353672027587891e+00 6.552193641662597656e+00 6.207408428192138672e+00 5.888232231140136719e+00 5.598629474639892578e+00 5.339303016662597656e+00 5.109061241149902344e+00 4.905389785766601562e+00 4.731922626495361328e+00
1.016818523406982422e+01 9.586618423461914062e+00 9.029289245605468750e+00 8.496301651000976562e+00 7.987536907196044922e+00 7.510996818542480469e+00 7.070540904998779297e+00 6.654661178588867188e+00 6.260249614715576172e+00 5.884242534637451172e+00 5.526447296142578125e+00 5.187439918518066406e+00 4.869232654571533203e+00 4.575907707214355469e+00 4.307010173797607422e+00 4.067559719085693359e+00 3.859736919403076172e+00 3.679589986801147461e+00 3.528534650802612305e+00 3.407086849212646484e+00
8.078242301940917969e+00 7.551399230957031250e+00 7.053282737731933594e+00 6.580090522766113281e+00 6.130883693695068359e+00 5.705976963043212891e+00 5.302940368652343750e+00 4.929549217224121094e+00 4.589976310729980469e+00 4.272774219512939453e+00 3.973697900772094727e+00 3.690121889114379883e+00 3.426442384719848633e+00 3.183973550796508789e+00 2.968589544296264648e+00 2.781188488006591797e+00 2.621630430221557617e+00 2.489321947097778320e+00 2.388479232788085938e+00 2.319833755493164062e+00
6.216170310974121094e+00 5.747488498687744141e+00 5.303962230682373047e+00 4.887660503387451172e+00 4.498001575469970703e+00 4.134245395660400391e+00 3.793749332427978516e+00 3.476022005081176758e+00 3.178317546844482422e+00 2.905809879302978516e+00 2.662654399871826172e+00 2.438851594924926758e+00 2.230717420578002930e+00 2.044289350509643555e+00 1.881560802459716797e+00 1.745588421821594238e+00 1.634011626243591309e+00 1.549871802330017090e+00 1.496897220611572266e+00 1.479627490043640137e+00
4.578632831573486328e+00 4.166053771972656250e+00 3.781612396240234375e+00 3.424576044082641602e+00 3.095342636108398438e+00 2.791194915771484375e+00 2.512899398803710938e+00 2.257506132125854492e+00 2.023016929626464844e+00 1.810409188270568848e+00 1.616557002067565918e+00 1.444684624671936035e+00 1.300060749053955078e+00 1.172067403793334961e+00 1.063205122947692871e+00 9.761348366737365723e-01 9.112566113471984863e-01 8.725799322128295898e-01 8.631440401077270508e-01 8.882552981376647949e-01
3.202036380767822266e+00 2.849286079406738281e+00 2.523990154266357422e+00 2.226185321807861328e+00 1.954615473747253418e+00 1.710569620132446289e+00 1.493013739585876465e+00 1.297478079795837402e+00 1.124554514884948730e+00 9.747303128242492676e-01 8.491753339767456055e-01 7.421954870223999023e-01 6.518499851226806641e-01 5.766142606735229492e-01 5.211680531501770020e-01 4.837832748889923096e-01 4.624198675155639648e-01 4.584045708179473877e-01 4.788090586662292480e-01 5.340014100074768066e-01
2.104342699050903320e+00 1.806238532066345215e+00 1.537798047065734863e+00 1.296909928321838379e+00 1.084337353706359863e+00 9.010628461837768555e-01 7.424303293228149414e-01 6.110639572143554688e-01 5.075964927673339844e-01 4.257058203220367432e-01 3.621369600296020508e-01 3.160298466682434082e-01 2.878189980983734131e-01 2.716728150844573975e-01 2.647536098957061768e-01 2.676009237766265869e-01 2.794583141803741455e-01 3.002154827117919922e-01 3.279976248741149902e-01 3.874447047710418701e-01
1.285148262977600098e+00 1.041002273559570312e+00 8.282086253166198730e-01 6.478434801101684570e-01 5.006455183029174805e-01 3.877937197685241699e-01 3.066650927066802979e-01 2.509962022304534912e-01 2.166928797960281372e-01 1.995436698198318481e-01 1.922746449708938599e-01 1.976377815008163452e-01 2.183202207088470459e-01 2.542957961559295654e-01 3.005251884460449219e-01 3.430541157722473145e-01 3.576698303222656250e-01 3.516344130039215088e-01 3.661234676837921143e-01 4.028380215167999268e-01
7.620495557785034180e-01 5.770781636238098145e-01 4.281665682792663574e-01 3.197863101959228516e-01 2.477892786264419556e-01 2.025755047798156738e-01 1.776611357927322388e-01 1.680952608585357666e-01 1.742233932018280029e-01 2.001370787620544434e-01 2.549134492874145508e-01 3.394906520843505859e-01 4.360688328742980957e-01 5.103376507759094238e-01 5.350874066352844238e-01 5.039788484573364258e-01 4.203122854232788086e-01 3.793818652629852295e-01 4.428406357765197754e-01 6.184214949607849121e-01
5.365997552871704102e-01 4.067993462085723877e-01 3.130870759487152100e-01 2.472714185714721680e-01 2.080889493227005005e-01 1.930853873491287231e-01 2.006057500839233398e-01 2.341991364955902100e-01 2.937419116497039795e-01 3.734138011932373047e-01 4.507589638233184814e-01 4.952926635742187500e-01 4.903103411197662354e-01 4.373155832290649414e-01 3.915762603282928467e-01 4.114415049552917480e-01 5.175927877426147461e-01 6.658684611320495605e-01 8.662243485450744629e-01 1.117812871932983398e+00
5.435961484909057617e-01 4.509887099266052246e-01 3.824399113655090332e-01 3.356409668922424316e-01 3.118236660957336426e-01 3.071028590202331543e-01 3.176117837429046631e-01 3.389306366443634033e-01 3.618365824222564697e-01 3.793928027153015137e-01 3.993720412254333496e-01 4.327996969223022461e-01 4.859901070594787598e-01 5.661801695823669434e-01 6.819193363189697266e-01 8.346920013427734375e-01 1.001138925552368164e+00 1.205399513244628906e+00 1.450810074806213379e+00 1.726733803749084473e+00
7.122299671173095703e-01 6.340298652648925781e-01 5.765588879585266113e-01 5.374925732612609863e-01 5.164701342582702637e-01 5.130878686904907227e-01 5.247533917427062988e-01 5.495887994766235352e-01 5.872425436973571777e-01 6.390944719314575195e-01 7.084686756134033203e-01 7.975359559059143066e-01 9.095467925071716309e-01 1.045791506767272949e+00 1.213804244995117188e+00 1.395419836044311523e+00 1.614652514457702637e+00 1.861471056938171387e+00 2.142079353332519531e+00 2.451798915863037109e+00
9.831497669219970703e-01 9.177318215370178223e-01 8.715962767601013184e-01 8.473706841468811035e-01 8.427267670631408691e-01 8.558770418167114258e-01 8.843434453010559082e-01 9.329864382743835449e-01 1.003234982490539551e+00 1.091787934303283691e+00 1.198710322380065918e+00 1.328560113906860352e+00 1.486237645149230957e+00 1.675344347953796387e+00 1.878173708915710449e+00 2.111303806304931641e+00 2.373272895812988281e+00 2.668449163436889648e+00 2.998908519744873047e+00 3.364994764328002930e+00
1.359853625297546387e+00 1.307182550430297852e+00 1.277101039886474609e+00 1.267996430397033691e+00 1.282452225685119629e+00 1.318838119506835938e+00 1.377432107925415039e+00 1.456938266754150391e+00 1.558986067771911621e+00 1.686510801315307617e+00 1.842458844184875488e+00 2.029552221298217773e+00 2.240394115447998047e+00 2.468413591384887695e+00 2.723053693771362305e+00 3.007905244827270508e+00 3.327468633651733398e+00 3.678669691085815430e+00 4.069523811340332031e+00 4.499185085296630859e+00
1.843129277229309082e+00 1.811389327049255371e+00 1.802163004875183105e+00 1.819126129150390625e+00 1.861332416534423828e+00 1.927946686744689941e+00 2.020643711090087891e+00 2.145582675933837891e+00 2.301594734191894531e+00 2.486604452133178711e+00 2.701032400131225586e+00 2.933288574218750000e+00 3.186232089996337891e+00 3.466788053512573242e+00 3.781743526458740234e+00 4.130254268646240234e+00 4.510563373565673828e+00 4.929788589477539062e+00 5.390558242797851562e+00 5.888916969299316406e+00
2.455013513565063477e+00 2.452355623245239258e+00 2.474248647689819336e+00 2.525069952011108398e+00 2.608951568603515625e+00 2.725212812423706055e+00 2.875969886779785156e+00 3.055961847305297852e+00 3.266659259796142578e+00 3.506562709808349609e+00 3.761019706726074219e+00 4.038565158843994141e+00 4.348657608032226562e+00 4.693515777587890625e+00 5.071940898895263672e+00 5.482380867004394531e+00 5.929963111877441406e+00 6.420163154602050781e+00 6.950016975402832031e+00 7.513459682464599609e+00
3.230346441268920898e+00 3.267549276351928711e+00 3.335955142974853516e+00 3.441127538681030273e+00 3.582227468490600586e+00 3.755669593811035156e+00 3.962469577789306641e+00 4.197857379913330078e+00 4.455442428588867188e+00 4.729779720306396484e+00 5.034923553466796875e+00 5.374097347259521484e+00 5.749857902526855469e+00 6.158672332763671875e+00 6.598943233489990234e+00 7.076997280120849609e+00 7.597304344177246094e+00 8.154644012451171875e+00 8.743715286254882812e+00 9.366580963134765625e+00
4.215903759002685547e+00 4.309988498687744141e+00 4.436070442199707031e+00 4.601287364959716797e+00 4.799056053161621094e+00 5.027898311614990234e+00 5.280234336853027344e+00 5.552065372467041016e+00 5.851889610290527344e+00 6.185804843902587891e+00 6.555476188659667969e+00 6.959457874298095703e+00 7.397653579711914062e+00 7.869520664215087891e+00 8.378362655639648438e+00 8.925147056579589844e+00 9.509806632995605469e+00 1.012572193145751953e+01 1.077360153198242188e+01 1.145249748229980469e+01
