6.562137126922607422e+00 5.756813049316406250e+00 5.048527240753173828e+00 4.431929111480712891e+00 3.908277988433837891e+00 3.482642889022827148e+00 3.155072927474975586e+00 2.916025400161743164e+00 2.758128166198730469e+00 2.686027050018310547e+00 2.705187082290649414e+00 2.813699483871459961e+00 3.006525993347167969e+00 3.272321701049804688e+00 3.626463413238525391e+00 4.070980548858642578e+00 4.602765560150146484e+00 5.223849773406982422e+00 5.936394691467285156e+00 6.744159221649169922e+00
5.760427474975585938e+00 4.960919380187988281e+00 4.262127876281738281e+00 3.659283876419067383e+00 3.151320219039916992e+00 2.742140293121337891e+00 2.426536798477172852e+00 2.196624994277954102e+00 2.049541473388671875e+00 1.984074473381042480e+00 2.001400470733642578e+00 2.102909803390502930e+00 2.282105445861816406e+00 2.537595033645629883e+00 2.879582881927490234e+00 3.309109210968017578e+00 3.828663587570190430e+00 4.441516399383544922e+00 5.151128768920898438e+00 5.954656600952148438e+00
5.047091007232666016e+00 4.256765842437744141e+00 3.568380355834960938e+00 2.980753898620605469e+00 2.493572235107421875e+00 2.106900453567504883e+00 1.809293031692504883e+00 1.599039793014526367e+00 1.465477466583251953e+00 1.406880736351013184e+00 1.425205111503601074e+00 1.519225239753723145e+00 1.685703873634338379e+00 1.925532460212707520e+00 2.245298862457275391e+00 2.654577970504760742e+00 3.157810449600219727e+00 3.757169485092163086e+00 4.455196380615234375e+00 5.256948947906494141e+00
4.429563522338867188e+00 3.653439760208129883e+00 2.977856636047363281e+00 2.410272598266601562e+00 1.943258523941040039e+00 1.578202366828918457e+00 1.304159998893737793e+00 1.116880655288696289e+00 1.002318501472473145e+00 9.512755274772644043e-01 9.703339338302612305e-01 1.054148793220520020e+00 1.202662587165832520e+00 1.421629309654235840e+00 1.719434022903442383e+00 2.104254007339477539e+00 2.586930036544799805e+00 3.168581962585449219e+00 3.856842041015625000e+00 4.647997379302978516e+00
3.909203290939331055e+00 3.145189762115478516e+00 2.489409446716308594e+00 1.942287325859069824e+00 1.499560713768005371e+00 1.157618880271911621e+00 9.114125967025756836e-01 7.513129115104675293e-01 6.544752717018127441e-01 6.127849817276000977e-01 6.275720596313476562e-01 6.983444094657897949e-01 8.289383649826049805e-01 1.021893739700317383e+00 1.295436739921569824e+00 1.656071543693542480e+00 2.115057706832885742e+00 2.682619333267211914e+00 3.355081558227539062e+00 4.140522480010986328e+00
3.484104156494140625e+00 2.733807563781738281e+00 2.095667362213134766e+00 1.571265339851379395e+00 1.154039502143859863e+00 8.411816954612731934e-01 6.249917149543762207e-01 4.889504313468933105e-01 4.080272614955902100e-01 3.807861804962158203e-01 3.962107300758361816e-01 4.531719982624053955e-01 5.579292774200439453e-01 7.253646850585937500e-01 9.692530632019042969e-01 1.305787563323974609e+00 1.745403766632080078e+00 2.290277719497680664e+00 2.949206829071044922e+00 3.723937273025512695e+00
3.146952152252197266e+00 2.413481235504150391e+00 1.794747352600097656e+00 1.289026737213134766e+00 8.961890339851379395e-01 6.140384078025817871e-01 4.264203906059265137e-01 3.155173659324645996e-01 2.623922228813171387e-01 2.466271966695785522e-01 2.602671980857849121e-01 3.049334585666656494e-01 3.877036869525909424e-01 5.268817543983459473e-01 7.410048246383666992e-01 1.051798105239868164e+00 1.465869069099426270e+00 1.989823818206787109e+00 2.633924245834350586e+00 3.397270202636718750e+00
2.901175260543823242e+00 2.183085680007934570e+00 1.577920913696289062e+00 1.086131691932678223e+00 7.158561348915100098e-01 4.609058201313018799e-01 3.003536462783813477e-01 2.212484180927276611e-01 1.911132186651229858e-01 1.852228790521621704e-01 1.943933069705963135e-01 2.269486188888549805e-01 2.910145819187164307e-01 4.071673452854156494e-01 5.979873538017272949e-01 8.841879963874816895e-01 1.274715304374694824e+00 1.780105113983154297e+00 2.411570072174072266e+00 3.162753105163574219e+00
2.737966537475585938e+00 2.033859968185424805e+00 1.439693808555603027e+00 9.609885215759277344e-01 6.011641025543212891e-01 3.655997216701507568e-01 2.333794236183166504e-01 1.760326325893402100e-01 1.571772545576095581e-01 1.557746529579162598e-01 1.645081788301467896e-01 1.875375509262084961e-01 2.405069917440414429e-01 3.424623906612396240e-01 5.195729136466979980e-01 7.938568592071533203e-01 1.171207189559936523e+00 1.656616091728210449e+00 2.272454977035522461e+00 3.013465166091918945e+00
2.653044462203979492e+00 1.953640460968017578e+00 1.367349624633789062e+00 8.971270918846130371e-01 5.456663966178894043e-01 3.201731145381927490e-01 2.023701369762420654e-01 1.544176638126373291e-01 1.401711702346801758e-01 1.394730061292648315e-01 1.461457461118698120e-01 1.674213856458663940e-01 2.184179574251174927e-01 3.186228275299072266e-01 4.947530627250671387e-01 7.660214900970458984e-01 1.137198328971862793e+00 1.613794445991516113e+00 2.217389822006225586e+00 2.953798294067382812e+00
2.643069028854370117e+00 1.945818066596984863e+00 1.363933324813842773e+00 9.002737402915954590e-01 5.512847900390625000e-01 3.193875253200531006e-01 1.986913830041885376e-01 1.472796350717544556e-01 1.336425244808197021e-01 1.316932290792465210e-01 1.387922614812850952e-01 1.634515523910522461e-01 2.218432277441024780e-01 3.326470851898193359e-01 5.168303251266479492e-01 7.963095903396606445e-01 1.170415401458740234e+00 1.647529363632202148e+00 2.246562242507934570e+00 2.980862855911254883e+00
2.706433296203613281e+00 2.013434171676635742e+00 1.435629248619079590e+00 9.667959809303283691e-01 6.137014627456665039e-01 3.690631091594696045e-01 2.279917895793914795e-01 1.609762609004974365e-01 1.400461792945861816e-01 1.377886831760406494e-01 1.495812237262725830e-01 1.845766305923461914e-01 2.573421895503997803e-01 3.862560987472534180e-01 5.923351049423217773e-01 8.833900690078735352e-01 1.267587304115295410e+00 1.756201744079589844e+00 2.359507083892822266e+00 3.091929674148559570e+00
2.854620218276977539e+00 2.164013862609863281e+00 1.579161167144775391e+00 1.102351427078247070e+00 7.360673546791076660e-01 4.759554862976074219e-01 3.079432845115661621e-01 2.181413173675537109e-01 1.811582297086715698e-01 1.756692379713058472e-01 1.950331479310989380e-01 2.465663254261016846e-01 3.415046334266662598e-01 4.959378242492675781e-01 7.221813201904296875e-01 1.034055590629577637e+00 1.434975266456604004e+00 1.941837787628173828e+00 2.556907176971435547e+00 3.293190240859985352e+00
3.093300819396972656e+00 2.391793251037597656e+00 1.796051025390625000e+00 1.306626677513122559e+00 9.254639148712158203e-01 6.480491161346435547e-01 4.575302898883819580e-01 3.439172804355621338e-01 2.856929898262023926e-01 2.717071473598480225e-01 2.971025407314300537e-01 3.683828413486480713e-01 4.931848943233489990e-01 6.743377447128295898e-01 9.278541803359985352e-01 1.259222030639648438e+00 1.680860757827758789e+00 2.206195354461669922e+00 2.838601350784301758e+00 3.584691524505615234e+00
3.413834095001220703e+00 2.700558662414550781e+00 2.094276905059814453e+00 1.592339992523193359e+00 1.191067337989807129e+00 8.976914882659912109e-01 6.857687234878540039e-01 5.506869554519653320e-01 4.766603410243988037e-01 4.542961418628692627e-01 4.849244356155395508e-01 5.777583718299865723e-01 7.225822210311889648e-01 9.302504658699035645e-01 1.208353519439697266e+00 1.567158699035644531e+00 2.014509916305541992e+00 2.559218168258666992e+00 3.206718206405639648e+00 3.968808889389038086e+00
3.821648359298706055e+00 3.097361564636230469e+00 2.478260278701782227e+00 1.961473703384399414e+00 1.543379783630371094e+00 1.227161288261413574e+00 9.977107644081115723e-01 8.421656489372253418e-01 7.516672015190124512e-01 7.282808423042297363e-01 7.750482559204101562e-01 8.831552863121032715e-01 1.050435185432434082e+00 1.280391693115234375e+00 1.581876993179321289e+00 1.963211894035339355e+00 2.434916734695434570e+00 3.001854896545410156e+00 3.666405439376831055e+00 4.441314220428466797e+00
4.327677249908447266e+00 3.594646453857421875e+00 2.962100267410278320e+00 2.428734779357910156e+00 1.992327570915222168e+00 1.653364539146423340e+00 1.403449296951293945e+00 1.232083559036254883e+00 1.136453986167907715e+00 1.118259787559509277e+00 1.170318722724914551e+00 1.292265295982360840e+00 1.481361865997314453e+00 1.732904195785522461e+00 2.055328130722045898e+00 2.457578659057617188e+00 2.952573060989379883e+00 3.541391611099243164e+00 4.224395275115966797e+00 5.008928775787353516e+00
4.935921192169189453e+00 4.195584774017333984e+00 3.553211688995361328e+00 3.005713462829589844e+00 2.553317546844482422e+00 2.193055629730224609e+00 1.918384075164794922e+00 1.737643003463745117e+00 1.640453577041625977e+00 1.620170354843139648e+00 1.676568984985351562e+00 1.808156967163085938e+00 2.013028383255004883e+00 2.287339925765991211e+00 2.632266521453857422e+00 3.054642915725708008e+00 3.568305253982543945e+00 4.173791885375976562e+00 4.876483917236328125e+00 5.674403190612792969e+00
5.638311862945556641e+00 4.892183303833007812e+00 4.243107795715332031e+00 3.688426971435546875e+00 3.226539850234985352e+00 2.848662853240966797e+00 2.561181306838989258e+00 2.371427297592163086e+00 2.262015104293823242e+00 2.237682819366455078e+00 2.295091390609741211e+00 2.433668613433837891e+00 2.650484085083007812e+00 2.942366838455200195e+00 3.307058572769165039e+00 3.751138925552368164e+00 4.282612323760986328e+00 4.903358459472656250e+00 5.619902610778808594e+00 6.430249214172363281e+00
6.431800842285156250e+00 5.680420875549316406e+00 5.025932788848876953e+00 4.468194007873535156e+00 3.996772766113281250e+00 3.610457897186279297e+00 3.319838285446166992e+00 3.123292684555053711e+00 3.008806705474853516e+00 2.978966951370239258e+00 3.035051822662353516e+00 3.172503709793090820e+00 3.394355535507202148e+00 3.697679042816162109e+00 4.078672885894775391e+00 4.541288375854492188e+00 5.088374614715576172e+00 5.727380752563476562e+00 6.455371856689453125e+00 7.274712085723876953e+00
